374662085
357150586
728999665
161932043
553672484
117551724
227970750
635969444
665496656
230415603
165848120
324441182
56490004
496999905
552982161
280407958
148495286
455274687
850092857
26447477
339441242
420809929
298459213
63102494
235451589
391723588
225353477
174878465
113937544
598016988
517590611
693985
957031009
29653098
665538879
353774314
507728976
46177929
338257793
779902307
90959027
148073585
399850807
17947970
137802100
249196881
305774334
59050910
273038062
218770462
274271736
517582643
692037404
767500235
38147449
364330260
884722430
273661215
130238717
447696572
997103651
736558864
429637994
79961119
852347838
380575199
308079061
558138587
655979439
384610531
917198847
457989784
676334305
336743241
67921762
763493255
698323268
565409166
912840537
154922946
806873590
923096460
259212228
173258690
112696431
319414944
817915531
200273710
153967267
346828116
978328043
781452883
67980502
629591812
302550425
356116638
12269674
733418004
963033534
845887970
690344026
274350153
185111271
454947998
993878268
901741504
960053128
285361773
122932475
187975866
432699387
540270573
387818394
407783188
780124987
432894316
728923488
424810975
415988431
894396093
328593741
888362642
660157001
665343533
50686554
741934077
52372859
530306967
34078428
959882264
711350344
60016898
747963183
699459935
47411390
847511459
677413928
785455166
832305970
645378841
658528856
257902654
641513020
692689927
175843490
591554965
16926270
532673642
954420882
518691792
144951894
491136513
217205236
882659673
321290263
874551572
34916064
88033664
178907217
512345604
493647882
66774466
604670882
59868342
213790724
469385568
268436268
419696073
182788031
172166710
880229453
685898872
528686728
355945090
824064014
183199261
563213946
121970299
716804888
649314455
87745263
275322385
388914215
706532971
829000528
749479265
515986496
24397820
944794096
262572405
133311754
9231641
626217153
810262643
192379492
634795896
76894843
781085758
174892272
403373147
216973283
332690668
466770382
307676829
134000787
557865150
357050647
910626834
421107314
941190527
92170691
337854458
942376275
993994860
886705430
262170727
555592286
672723071
534657073
469233523
60597280
917938323
603714004
871519280
803494196
920347282
723936631
859207222
198749337
635133458
785675361
446445796
748079334
3708654
833046473
666755446
134598420
273192997
652579221
894011043
129977938
671721627
983760849
726967135
371599419
110424178
582026146
813159727
380950699
407367331
675900560
482281760
328277706
242300460
306920802
227021585
402502802
749404554
387504160
817557384
942437152
339725194
563304556
610553861
719164965
77256644
818161621
495682635
382299503
336842461
986830502
397453467
982949343
883449594
5656269
243873294
956979867
17294418
643678024
282500671
501199765
538403252
547891754
875932198
125530850
858861024
387162543
899790710
354507777
237316947
272577678
861375547
827863117
695212180
147836902
677360313
287007521
149988021
288948673
394609730
910822221
98542860
833582879
251697963
475323383
206683553
557252978
210561348
205980229
915117204
827043344
674992653
887349546
239726894
279345060
264877912
452554885
283712832
623450127
309693621
509684078
571520575
130793601
560764729
303847313
362682608
12075921
216690486
717695765
312326464
421525020
697098699
408085029
437069725
982882972
397422017
763255770
624551061
592319431
807997208
869988775
961939732
835055007
135094264
275852408
262304606
796003281
941607647
500291918
647266084
425694329
951874381
682295283
91172737
989821418
892419451
736250755
847203444
129712767
594821520
691956654
9635953
558565093
579946927
872426769
883094185
688077712
832616898
55667779
386267174
981995516
834413970
924092251
214434994
693314465
738559393
246957826
347076531
482282051
858137112
746167453
339876076
967435746
200211858
211649602
29368996
114018166
597913621
489197829
923619955
378055905
69573348
158366520
252464600
654727521
90274968
660343143
495192772
110760512
56572120
763760986
725758342
900333354
641638097
780744174
719958704
637430111
546381556
561136252
5525273
605965704
267310909
270927580
239764006
207420639
844591139
666029485
179811251
929395264
60593376
382637097
463939483
521339382
401843199
298814188
239741543
861563235
315552114
857702982
334942873
744166452
704206512
412089079
979924203
452568975
325379032
15990624
443358238
125794950
628214929
930976023
11325602
182861795
6402646
375253242
788510096
681019944
651473067
689635754
633090881
84589413
648658759
702361200
885856343
619004274
625867030
5847520
840659466
549546147
449250718
485130921
196613983
528913886
988140104
155255028
264637511
260198741
932987122
532923851
822886929
790115812
346904775
302870766
640100104
641722149
681553172
967237032
430031878
964481686
569807877
9006616
314531693
246175426
664294762
557403932
403081997
414997067
442403615
241447425
139171973
290838969
603433508
482345690
195315213
455511661
966571524
107450603
198052741
231135113
288192824
683358732
646734828
129423392
844152379
510630177
838004422
468243721
222412271
416929979
291285806
636698723
869681068
950767223
368544870
276961188
545468925
847159520
617053408
159900682
932029974
638758319
138812677
788072028
781009056
761100843
2614461
527430475
615240464
91168510
531726341
225434475
301510199
973131500
105249062
754690968
119067768
330736836
965518485
190337321
542539388
694675184
154118048
846785818
987275639
864680951
753368592
758115115
602660125
284502509
872304168
137084682
82993033
367745164
822009442
179847169
836800446
814239817
627703881
866555182
858979664
681064920
507859586
327796119
284387790
579336957
638279262
18382089
728461352
230603232
730194021
571979249
105079522
679232869
518437366
5473626
403271041
885848186
478945326
253576554
108240584
893048908
935720368
73368736
483655964
791822708
233562092
13300576
388413743
985218401
437446813
725617858
579959618
878097538
774337798
357255320
182022122
406903853
741318165
925030139
175683382
504699712
96379699
86063881
235682915
49206494
672259703
352020567
527201344
584629823
942980888
773167741
68657609
500049431
491176206
265582693
646054887
712457874
174067933
729211831
940574121
907978906
184322629
548387864
761708630
230624714
833782200
904765640
41983793
970324733
398477005
478087732
66045227
45706666
701488529
641118354
933684071
196241160
917984493
590869245
707737776
159096600
84292546
961994784
733506160
252126318
746646809
546508019
615658283
547858560
432535275
696456795
162034659
928495766
262069697
268586998
894929005
397783151
512269178
323829034
687505890
370386892
661159189
671216089
875763451
238089877
181043742
64811983
565873981
809754748
908991262
41807728
397253527
323030904
939662077
521605473
787131790
801331119
790993300
211919331
473211173
167915211
966755551
511879981
374449809
288509612
258889916
371899686
366993926
366458901
854976527
736678761
99091546
818424681
926683900
711789482
747504831
663017702
865338888
230634552
813572538
110436773
174430711
36165364
643410718
350235277
325741792
685354012
645223062
608296211
833444238
451867986
92116992
723377059
332944670
128427119
215709354
136622225
330652100
279364092
772539454
839185318
865647960
495282956
287364907
306872027
528462290
26890886
191696319
340503266
97288532
578647802
932179032
747732704
514221167
877096319
859096589
915737657
337368393
464028271
256614640
720841117
846730485
152034306
181398844
451551538
703134682
37311845
957231207
867402760
248037487
816209902
655591263
811695348
45926253
836417285
635793192
264441228
256539013
361846338
595891792
462011878
299409292
704568965
232043946
466369559
7873240
256068618
815554231
233010679
641852650
508804908
255134487
735456999
637435863
575705797
205048725
945063185
422988885
518990230
280239138
344136199
54627092
660882089
971991061
503416456
873434709
748724914
677356278
984897481
557571629
552555297
121121947
855996868
369419398
279201599
510665621
869227845
11408392
409536945
473714999
474245880
816210194
100533287
731276910
761885608
572688759
652173522
44028632
44221501
14705625
585952045
482105790
86807551
963365557
43228371
157341716
110238885
525565297
199420066
820964913
289161179
14947932
275209087
516346055
34723472
770581236
989716110
491956526
474690400
54022071
631114118
672040762
197203648
821364830
482169454
647872874
276666218
844303432
198501240
631907871
58628352
958261015
963297987
879576015
133471950
855097093
719563608
206201430
818008505
336058574
700971388
311010937
963014601
122640499
709831484
325340406
442402962
944262744
976748251
158832322
26837816
138998548
590954699
942584408
559881576
793126909
577593034
742616934
382222272
591490123
561742404
110041580
708693783
238596145
983046955
420612633
695745163
615660802
288102964
947161747
767324916
152650632
79382393
863592030
975980527
983370662
834544082
304858101
799873165
959557134
946327893
306784532
836950203
618080678
823302490
161016278
129255803
62367583
54449191
463478492
321785792
565199252
909908974
846846983
125615953
849065423
743637079
90721203
496752371
839726001
61077975
86625400
447565918
728763871
962485355
158481545
127892177
534379162
543506321
363555306
164642305
55860399
731116273
949484746
79356141
990886925
277514236
91315856
272593090
121607079
335475557
355466437
611822659
285937242
994663601
858629214
52629198
55634857
444632171
304178374
260109369
27547273
512628081
202611831
563498412
56313306
361146447
883745315
57091632
942274505
134155195
308949419
810946537
462728069
828822953
65214657
28397391
663182615
893090412
449651740
418268613
514769590
388603318
856566695
975877592
943941417
879558252
821756290
45130922
351015073
369772003
408916289
162747652
352997376
831363948
528445393
104274331
255088627
326229962
912093383
439870302
757908657
113090508
45359609
410605683
302263528
295644803
656552494
777942423
913952455
734417088
993036231
797939420
821634071
177034311
337449187
712519261
175413834
9882406
580319582
